0 0.88125 0.7265625 0.0625 0.071875
0 0.809375 0.76875 0.075 0.0875
0 0.75 0.78125 0.06875 0.0875
0 0.815625 0.5875 0.14375 0.10625
0 0.2078125 0.5984375 0.053125 0.059375
0 0.1828125 0.7984375 0.109375 0.115625
0 0.1015625 0.7921875 0.065625 0.096875
0 0.06875 0.9171875 0.125 0.071875
0 0.234375 0.890625 0.0625 0.05
0 0.5015625 0.7109375 0.065625 0.109375
0 0.5671875 0.471875 0.065625 0.075
0 0.9609375 0.5265625 0.065625 0.084375
0 0.940625 0.771875 0.08125 0.09375
0 0.6375 0.446875 0.06875 0.13125