0 0.18984375 0.27890625 0.30625 0.3828125
0 0.22734375 0.83046875 0.2359375 0.228125
0 0.29921875 0.5515625 0.059375 0.1171875
0 0.03828125 0.5640625 0.0453125 0.0828125
0 0.36875 0.640625 0.05625 0.125
0 0.6734375 0.56953125 0.0390625 0.1515625
0 0.54296875 0.5375 0.084375 0.053125
0 0.48828125 0.5984375 0.0515625 0.090625
0 0.421875 0.58203125 0.040625 0.0921875
0 0.6921875 0.4421875 0.0765625 0.084375
1 0.834375 0.17421875 0.29375 0.3265625
1 0.2078125 0.68046875 0.084375 0.1765625
1 0.625 0.8171875 0.0765625 0.1296875
1 0.8796875 0.50234375 0.075 0.2515625
1 0.2453125 0.06875 0.253125 0.10625
1 0.51484375 0.159375 0.278125 0.1109375
1 0.471875 0.828125 0.1890625 0.090625