0 0.82578125 0.65 0.271875 0.315625
0 0.90390625 0.40234375 0.1859375 0.1859375
0 0.759375 0.3859375 0.0671875 0.09375
0 0.58671875 0.3859375 0.071875 0.075
0 0.4953125 0.359375 0.0984375 0.1296875
0 0.3921875 0.3953125 0.059375 0.0859375
0 0.32578125 0.39453125 0.0625 0.084375
0 0.25 0.41796875 0.084375 0.09375
0 0.1703125 0.41953125 0.053125 0.084375
0 0.1109375 0.4234375 0.034375 0.0609375
0 0.06875 0.43515625 0.021875 0.0390625
1 0.53515625 0.2390625 0.09375 0.15625
1 0.3703125 0.26796875 0.09375 0.125