0 0.85078125 0.35703125 0.084375 0.0984375
0 0.69140625 0.384375 0.0671875 0.0484375
0 0.5890625 0.38203125 0.065625 0.04375
0 0.7609375 0.321875 0.0203125 0.0171875
0 0.46484375 0.4375 0.0515625 0.0484375
0 0.3375 0.4203125 0.075 0.0625
0 0.8171875 0.7390625 0.0484375 0.1078125
0 0.7359375 0.76328125 0.0984375 0.0984375
0 0.63828125 0.82109375 0.1015625 0.115625
0 0.35546875 0.728125 0.0703125 0.128125
0 0.20078125 0.75234375 0.18125 0.1515625
0 0.06484375 0.78984375 0.0765625 0.0890625
1 0.6875 0.1578125 0.3421875 0.3140625
1 0.2609375 0.1921875 0.4625 0.36875
1 0.21640625 0.584375 0.1328125 0.125
1 0.11875 0.56640625 0.0578125 0.1015625
1 0.0734375 0.72109375 0.040625 0.040625
1 0.41015625 0.584375 0.128125 0.15
1 0.84375 0.64296875 0.065625 0.125
1 0.7203125 0.6515625 0.0984375 0.0671875
1 0.64296875 0.74375 0.0625 0.03125
1 0.96875 0.60703125 0.053125 0.16875