0 0.6984375 0.69375 0.0390625 0.04375
0 0.703125 0.76171875 0.0484375 0.0390625
0 0.63359375 0.696875 0.0390625 0.0578125
0 0.62109375 0.775 0.0390625 0.0578125
0 0.5671875 0.703125 0.0484375 0.0875
0 0.4828125 0.7046875 0.028125 0.0390625
0 0.4078125 0.7453125 0.03125 0.1078125
1 0.81875 0.3328125 0.3265625 0.6421875
1 0.50859375 0.18359375 0.2015625 0.2890625
1 0.4109375 0.4390625 0.2265625 0.321875
1 0.203125 0.19140625 0.2140625 0.3171875
1 0.1265625 0.39296875 0.2265625 0.2984375
1 0.0609375 0.64921875 0.0921875 0.1328125