0 0.415625 0.63359375 0.0703125 0.0796875
0 0.33203125 0.63671875 0.053125 0.0609375
0 0.2203125 0.66953125 0.028125 0.05625
0 0.14296875 0.73203125 0.0453125 0.04375
1 0.88359375 0.25625 0.2234375 0.4859375
1 0.75859375 0.6671875 0.075 0.0671875
1 0.93984375 0.615625 0.1078125 0.1328125
1 0.70546875 0.3890625 0.115625 0.18125
1 0.53125 0.1734375 0.071875 0.2265625
1 0.57109375 0.4328125 0.0984375 0.1234375
1 0.34140625 0.359375 0.125 0.2234375
1 0.6640625 0.1375 0.146875 0.196875
1 0.4671875 0.3890625 0.0625 0.14375