0 0.98828125 0.34765625 0.021875 0.0765625
0 0.91796875 0.27890625 0.0984375 0.1890625
0 0.77890625 0.3234375 0.128125 0.2015625
0 0.79453125 0.47734375 0.090625 0.05625
0 0.6359375 0.53828125 0.196875 0.1765625
0 0.3734375 0.61796875 0.23125 0.215625
0 0.1359375 0.4796875 0.2484375 0.3609375
0 0.52265625 0.41484375 0.2984375 0.1234375
0 0.46484375 0.47734375 0.05625 0.0359375
0 0.67578125 0.296875 0.075 0.0890625
0 0.43125 0.25859375 0.2046875 0.146875
1 0.89296875 0.10546875 0.1421875 0.1875
1 0.4546875 0.14296875 0.103125 0.125
1 0.67890625 0.11875 0.234375 0.178125