0 0.55625 0.4171875 0.21875 0.2953125
0 0.70546875 0.63359375 0.11875 0.215625
0 0.55546875 0.83046875 0.40625 0.0890625
0 0.36875 0.35 0.084375 0.09375
0 0.31484375 0.53828125 0.034375 0.0515625
0 0.24296875 0.7046875 0.190625 0.2796875
0 0.3765625 0.68359375 0.0578125 0.0515625
0 0.5109375 0.703125 0.0703125 0.05625
0 0.4421875 0.73046875 0.0234375 0.021875
0 0.81953125 0.86328125 0.0328125 0.03125
1 0.2265625 0.26171875 0.40625 0.515625
1 0.7125 0.42421875 0.115625 0.165625
1 0.08984375 0.671875 0.10625 0.2046875